date	precio
20230228	21.1117
20230227	20.1623
20230224	19.8095
20230223	19.5335
20230222	19.2837
20230221	19.6985
20230220	19.776
20230217	19.3973
20230216	19.1585
20230215	19.0878
20230214	19.1197
20230213	18.9138
20230210	18.7992
20230209	18.591
20230208	18.5952
20230207	18.5715
20230203	18.5712
20230202	18.6458
20230201	18.6308
20230131	18.674
20230130	18.7653
20230127	18.7763
20230126	18.6645
20230125	18.6245
20230124	18.6797
20230123	18.9082
20230120	18.7853
20230119	18.7067
20230118	18.8022
20230117	18.9407
20230116	18.8313
20230113	18.8018
20230112	18.6883
20230111	18.7007
20230110	18.6725
20230109	18.7388
20230106	18.793
20230105	18.8077
20230104	18.812
20230103	18.8215
20230102	18.7732
20221230	18.8453
20221229	18.798
20221228	18.8852
20221227	18.827
20221226	18.8673
20221223	18.8817
20221222	18.8642
20221221	18.8727
20221220	18.8452
20221219	18.9445
20221216	18.9643
20221215	18.9385
20221214	18.9133
20221213	18.964
20221209	18.9542
20221208	18.9165
20221207	18.9702
20221206	19.0455
20221205	19.1785
20221202	19.2362
20221201	19.2302
20221130	19.3247
20221129	19.3688
20221128	19.4707
20221125	19.5678
20221124	19.5717
20221123	19.5352
20221122	19.6113
20221118	19.5607
20221117	19.5185
20221116	19.4468
20221115	19.3987
20221114	19.4138
20221111	19.48
20221110	19.3687
20221109	19.2063
20221108	19.4228
20221107	19.4543
20221104	19.2178
20221103	19.109
20221101	19.1068
20221031	19.1327
20221028	19.1953
20221027	19.2125
20221026	19.1525
20221025	19.1058
20221024	19.1948
20221021	19.1643
20221020	19.1167
20221019	19.0543
20221018	19.082
20221017	19.0878
20221014	19.1258
20221013	19.105
20221012	19.1422
20221011	19.1492
20221010	19.1602
20221007	19.2135
20221006	19.252
20221005	19.2652
20221004	19.3217
20221003	19.4764
20220930	19.5689
20220929	19.584
20220928	19.5522
20220927	19.5255
20220926	19.7368
20220923	19.7985
20220922	19.7792
20220921	19.7345
20220920	19.6808
20220919	19.6363
20220915	19.5775
20220914	19.4587
20220913	19.4459
20220912	19.4478
20220909	19.3981
20220908	19.3528
20220907	19.4262
20220906	19.3665
20220905	19.4265
20220902	19.5478
20220901	19.5354
20220831	19.5398
20220830	19.5623
20220829	19.6834
20220826	19.7806
20220825	20.0039
20220824	20.1253
20220823	20.0696
20220822	20.0988
20220819	20.0314
20220818	19.9934
20220817	19.9086
20220816	19.8402
20220815	19.7467
20220812	19.6798
20220811	19.7522
20220810	19.8153
20220809	19.5669
20220808	19.6365
20220805	19.5763
20220804	19.463
20220803	19.5803
20220802	19.4283
20220801	19.5118
20220729	19.6953
20220728	19.6291
20220727	19.5731
20220726	19.3116
20220725	19.1627
20220722	18.9929
20220721	19.0747
20220720	19.09
20220719	19.0699
20220718	19.0623
20220715	19.0894
20220714	19.1315
20220713	19.0659
20220712	19.0123
20220711	19.0108
20220708	19.0233
20220707	19.0781
20220706	18.9803
20220705	19.0307
20220704	19.1227
20220701	19.2425
20220630	19.0043
20220629	18.9116
20220628	19.0446
20220627	18.9947
20220624	19.0502
20220623	19.0694
20220622	19.076
20220621	19.2087
20220620	19.1685
20220617	19.1442
20220616	19.2271
20220615	19.1833
20220614	19.0661
20220613	18.9804
20220610	19.1753
20220609	19.1011
20220608	19.1924
20220607	19.1487
20220606	19.1645
20220603	19.1383
20220602	19.1222
20220601	19.204
20220531	19.6528
20220530	19.7084
20220527	19.5418
20220526	19.6007
20220525	19.7609
20220524	19.6426
20220523	19.0683
20220520	19.2395
20220519	19.1652
20220518	19.0521
20220517	19.0658
20220516	19.0122
20220513	18.9755
20220512	19.0309
20220511	19.0908
20220510	19.1454
20220509	19.071
20220506	19.1236
20220505	19.1427
20220504	19.1928
20220503	19.1374
20220502	19.2623
20220429	19.0837
20220428	19.0499
20220427	18.9781
20220426	19.0012
20220425	19.1014
20220422	19.0099
20220421	19.012
20220420	18.9414
20220419	19.0942
20220418	19.0046
20220413	18.9578
20220412	18.8359
20220411	18.848
20220408	18.9516
20220407	18.8489
20220406	18.7719
20220405	18.8432
20220404	18.836
20220401	18.9229
20220331	18.9701
20220330	19.0805
20220329	19.1728
20220328	19.1805
20220325	19.2279
20220324	19.2169
20220323	19.3779
20220322	19.3793
20220318	19.3201
20220317	19.0989
20220316	19.0151
20220315	19.1369
20220314	18.8694
20220311	18.9098
20220310	19.0004
20220309	19.2176
20220308	19.3233
20220307	19.332
20220304	19.3049
20220303	19.4243
20220302	19.4902
20220301	19.5225
20220228	19.3708
20220225	19.2597
20220224	19.3039
20220223	19.2978
20220222	19.2607
20220221	19.2201
20220218	19.163
20220217	19.1185
20220216	19.1394
20220215	19.2652
20220214	19.1835
20220211	19.1778
20220210	19.2578
20220209	19.3625
20220208	19.3569
20220204	19.4084
20220203	19.2592
20220202	19.2524
20220201	19.0893
20220131	19.08
20220128	19.1058
20220127	19.0824
20220126	19.1098
20220125	19.0388
20220124	19.1623
20220121	18.9972
20220120	19.0381
20220119	18.928
20220118	18.9859
20220117	19.0771
20220114	19.1297
20220113	19.1902
20220112	19.0844
20220111	19.063
20220110	18.9908
20220107	19.0457
20220106	19.0064
20220105	19.1236
20220104	19.1714
20220103	19.2456
20211231	19.3479
20211230	19.3208
20211229	19.4902
20211228	19.6073
20211227	19.5878
20211224	19.6512
20211223	19.6566
20211222	19.6829
20211221	19.8823
20211220	19.8473
20211217	19.9275
20211216	19.9082
20211215	20.0293
20211214	20.1277
20211213	20.1126
20211210	20.3337
20211209	20.2566
20211208	20.2889
20211207	20.3621
20211206	20.2609
20211203	20.4705
20211202	20.5672
20211201	20.5123
20211130	20.2346
20211129	20.3455
20211126	20.2217
20211125	20.4108
20211124	20.4977
20211123	20.5304
20211122	20.3935
20211119	20.2984
20211118	20.2023
20211117	20.4123
20211116	20.155
20211112	20.3371
20211111	20.3979
20211110	20.5158
20211109	20.3179
20211108	20.3614
20211105	20.0438
20211104	19.8245
20211103	19.8609
20211101	19.9636
20211029	20.1329
20211028	20.3177
20211027	20.0258
20211026	19.8022
20211025	19.479
20211022	19.4383
20211021	19.4623
20211020	19.4169
20211019	19.3669
20211018	19.2183
20211015	19.1018
20211014	18.8012
20211013	18.7693
20211012	18.8096
20211011	18.9202
20211008	19.0217
20211007	19.1183
20211006	19
20211005	18.9234
20211004	18.9444
20211001	19.1328
20210930	18.8014
20210929	18.7503
20210928	18.6531
20210927	18.7231
20210924	18.812
20210923	18.8986
20210922	18.987
20210921	18.8516
20210920	18.8539
20210917	18.8296
20210915	18.7672
20210914	18.7694
20210913	18.8399
20210910	18.8689
20210909	18.8775
20210908	19.0511
20210907	19.268
20210906	19.2989
20210903	19.2394
20210902	19.3546
20210901	19.4433
20210831	19.3609
20210830	19.2137
20210827	19.1792
20210826	19.1258
20210825	19.0659
20210824	18.9354
20210823	18.6697
20210820	18.8339
20210819	18.8672
20210818	18.8176
20210817	18.8784
20210816	19.0305
20210813	19.0615
20210812	19.01
20210811	19.2339
20210810	18.9973
20210809	19.1801
20210806	18.9273
20210805	18.6511
20210804	18.4542
20210803	18.4631
20210802	18.5433
20210730	18.5725
20210729	18.6349
20210728	18.5899
20210727	18.6457
20210726	18.5413
20210723	18.5515
20210722	18.6234
20210721	18.7709
20210720	18.8506
20210719	19.0761
20210716	19.0694
20210715	19.079
20210714	18.91
20210713	18.8763
20210712	18.836
20210709	18.8854
20210708	18.8241
20210707	18.9632
20210706	19.0559
20210705	19.1563
20210702	19.0719
20210701	19.2513
20210630	19.4284
20210629	19.5974
20210628	20.1453
20210625	19.6912
20210624	19.8633
20210623	20.0553
20210622	19.8754
20210621	20.0908
20210618	20.1264
20210617	20.3689
20210616	20.3937
20210615	20.5531
20210614	20.6968
20210611	20.716
20210610	20.6953
20210609	20.6259
20210608	20.596
20210607	20.4722
20210604	20.5281
20210603	20.46
20210602	20.3129
20210601	20.3863
20210531	19.9934
20210528	19.8662
20210527	19.9759
20210526	19.7322
20210525	19.7499
20210524	19.5915
20210521	19.5608
20210520	19.7048
20210519	19.7661
20210518	19.7528
20210517	19.9054
20210514	19.9319
20210513	19.7033
20210512	19.7094
20210511	19.7854
20210510	19.5214
20210507	19.3539
20210506	19.2989
20210505	19.5387
20210504	19.5781
20210503	19.4232
20210430	19.2017
20210429	19.1223
20210428	19.0943
20210427	18.7878
20210426	18.6847
20210423	18.8644
20210422	19.053
20210421	18.8139
20210420	18.8628
20210419	18.621
20210416	18.2819
20210415	18.0333
20210414	17.9787
20210413	18.0394
20210412	18.087
20210409	18.1353
20210408	18.2018
20210407	18.2882
20210406	18.2753
20210405	18.2888
20210331	18.1081
20210330	18.2244
20210329	18.2044
20210326	18.2967
20210325	18.2709
20210324	18.3445
20210323	18.3268
20210322	18.5364
20210319	18.5078
20210318	18.6001
20210317	18.7614
20210316	18.7216
20210312	18.7023
20210311	18.5854
20210310	18.5604
20210309	18.6199
20210308	18.5812
20210305	18.7148
20210304	18.7922
20210303	18.7246
20210302	18.8838
20210301	18.8909
20210226	18.861
20210225	18.8331
20210224	18.7902
20210223	18.6456
20210222	18.5659
20210219	18.6574
20210218	18.6518
20210217	18.6594
20210216	18.536
20210215	18.4797
20210212	18.5159
20210211	18.6025
20210210	18.6269
20210209	18.6703
20210208	18.8623
20210205	18.8815
20210204	18.6492
20210203	18.7009
20210202	18.5248
20210129	18.4004
20210128	18.6069
20210127	18.6982
20210126	18.6196
20210125	18.4672
20210122	18.478
20210121	18.5178
20210120	18.798
20210119	18.7118
20210118	18.5813
20210115	18.6361
20210114	18.655
20210113	18.8362
20210112	18.8113
20210111	19.0446
20210108	19.3433
20210107	19.2405
20210106	19.3065
20210105	19.2323
20210104	19.2737
20201231	19.2427
20201230	19.3717
20201229	19.4899
20201228	19.6629
20201224	19.7354
20201223	19.7867
20201222	19.7223
20201221	19.5848
20201218	19.3962
20201217	19.2291
20201216	19.1913
20201215	19.0289
20201214	19.1289
20201211	19.1202
20201210	19.1391
20201209	18.974
20201208	18.9445
20201207	18.9315
20201204	18.8897
20201203	18.6958
20201202	18.642
20201201	18.6399
20201130	18.6229
20201127	18.519
20201126	18.5848
20201125	18.52
20201124	18.5379
20201123	18.6041
20201120	18.74
20201119	18.8242
20201118	18.9724
20201117	19.1224
20201113	19.2268
20201112	19.1334
20201111	19.168
20201110	19.0526
20201109	19.09
20201106	19.0718
20201105	19.1349
20201104	19.0814
20201103	19.185
20201030	19.1241
20201029	19.1478
20201028	19.2188
20201027	19.1474
20201026	19.096
20201023	19.077
20201022	19.2009
20201021	19.0489
20201020	19.008
20201019	18.8248
20201016	18.8869
20201015	19.0117
20201014	19.0753
20201013	18.9008
20201012	18.7631
20201009	18.718
20201008	18.6327
20201007	18.6646
20201006	18.5522
20201005	18.306
20201002	18.2282
20201001	18.2113
20200930	18.2337
20200929	18.159
20200928	18.1979
20200925	18.13
20200924	17.9933
20200923	17.8831
20200922	17.7487
20200921	17.8545
20200918	17.7009
20200917	17.7643
20200915	17.761
20200914	17.6857
20200911	17.7278
20200910	17.7836
20200909	17.781
20200908	17.6443
20200907	17.7331
20200904	17.6965
20200903	17.8136
20200902	17.836
20200901	17.8683
20200831	17.7861
20200828	17.8145
20200827	17.7753
20200826	17.876
20200825	17.8049
20200824	17.6205
20200821	17.6977
20200820	17.7113
20200819	17.6458
20200818	17.6501
20200817	17.8584
20200814	17.7324
20200813	17.716
20200812	17.8483
20200811	17.7755
20200810	17.847
20200807	17.9073
20200806	17.9671
20200805	17.916
20200804	17.9641
20200803	17.8798
20200731	17.8733
20200730	17.8696
20200729	17.8108
20200728	17.8646
20200727	17.7435
20200724	17.6886
20200723	17.7561
20200722	17.7492
20200721	17.6893
20200720	17.5618
20200717	17.526
20200716	17.4937
20200715	17.5134
20200714	17.5836
20200713	17.5613
20200710	17.7422
20200709	17.7708
20200708	17.9482
20200707	17.9751
20200706	18.1394
20200703	18.3227
20200702	18.3556
20200701	18.2036
20200630	18.2064
20200629	18.0626
20200626	18.0279
20200625	17.8973
20200624	17.9862
20200623	17.8775
20200622	17.99
20200619	18.127
20200618	18.157
20200617	18.1167
20200616	17.9519
20200615	17.9321
20200612	18.1154
20200611	17.9343
20200610	18.0725
20200609	18.1802
20200608	18.1939
20200605	18.1946
20200604	18.2278
20200603	18.2762
20200602	18.3819
20200601	18.6204
20200529	18.5941
20200528	18.6909
20200527	18.6643
20200526	18.5121
20200525	18.4849
20200522	18.4185
20200521	18.5689
20200520	18.615
20200519	18.6633
20200518	18.6859
20200515	18.8898
20200514	18.6761
20200513	18.6183
20200512	18.67
20200511	18.7594
20200508	18.9039
20200507	18.9587
20200506	19.1364
20200505	19.1164
20200504	19.0137
20200430	19.0019
20200429	18.8031
20200428	18.7731
20200427	18.9594
20200424	19.067
20200423	19.1119
20200422	18.9225
20200421	18.6521
20200420	18.8413
20200417	18.8187
20200416	18.8374
20200415	18.4863
20200414	18.5582
20200413	18.7528
20200408	18.7646
20200407	18.6923
20200406	18.656
20200403	18.7696
20200402	18.7192
20200401	18.8334
20200331	18.732
20200330	18.7955
20200327	18.7079
20200326	18.8092
20200325	18.8853
20200324	18.8661
20200323	18.8528
20200320	18.9877
20200319	19.0837
20200318	19.107
20200317	19.117
20200313	19.173
20200312	19.4493
20200311	19.6543
20200310	19.5803
20200309	19.6279
20200306	19.7974
