DATE	28	91	182	364	728	1092	1820	3640
20230228	0.470162	0.335449	0.276335	0.2075	0.252975	0.280525	0.281975	0.274597
20230227	0.494358	0.352616	0.291328	0.22	0.265525	0.2815	0.299	0.324932
20230224	0.494324	0.35259	0.291314	0.22	0.265525	0.2815	0.299	0.324926
20230223	0.494204	0.352499	0.291261	0.22	0.265525	0.2815	0.299	0.325039
20230222	0.512745	0.364883	0.304055	0.2346	0.289125	0.2925	0.299	0.334851
20230221	0.512062	0.364353	0.303737	0.2346	0.2895	0.2925	0.299	0.335598
20230220	0.606665	0.434569	0.355439	0.26	0.2885	0.2925	0.299	0.318479
20230217	0.610367	0.437315	0.357463	0.261	0.2885	0.2925	0.299	0.317867
20230216	0.610414	0.437351	0.357483	0.261	0.2885	0.2925	0.299	0.317799
20230215	0.615614	0.441393	0.359911	0.261	0.2855	0.2925	0.299	0.312052
20230214	0.615687	0.441449	0.359943	0.261	0.2855	0.2925	0.299	0.311976
20230213	0.612113	0.438799	0.357975	0.26	0.2855	0.2925	0.299	0.312679
20230210	0.560394	0.401451	0.327981	0.2394	0.2671	0.277	0.2889	0.305982
20230209	0.557665	0.399382	0.326792	0.2394	0.2671	0.2723	0.2889	0.317475
20230208	0.54955	0.393157	0.322934	0.239	0.27	0.27	0.30655	0.365577
20230207	0.486346	0.34854	0.283961	0.206	0.231	0.25	0.264	0.269424
20230203	0.486351	0.348544	0.283963	0.206	0.231	0.25	0.264	0.269594
20230202	0.477006	0.341458	0.279892	0.206	0.231	0.233	0.264	0.3105
20230201	0.475176	0.3401	0.278889	0.2055	0.231	0.233	0.264	0.310774
20230131	0.47316	0.338602	0.277805	0.205	0.231	0.233	0.264	0.310786
20230130	0.474077	0.339314	0.278232	0.205	0.2305	0.233	0.264	0.309152
20230127	0.470416	0.336599	0.276226	0.204	0.2305	0.233	0.264	0.310308
20230126	0.471311	0.337294	0.276643	0.204	0.23	0.233	0.264	0.309833
20230125	0.460327	0.329149	0.270626	0.201	0.23	0.233	0.2635	0.310372
20230124	0.460442	0.329236	0.270676	0.201	0.23	0.233	0.2635	0.309915
20230123	0.460416	0.329218	0.270654	0.200975	0.23	0.233	0.26	0.303123
20230120	0.429093	0.306301	0.252782	0.190025	0.225	0.233	0.261	0.302639
20230119	0.428928	0.306176	0.25271	0.190025	0.225	0.233	0.261	0.302028
20230118	0.428651	0.305966	0.252589	0.190025	0.225	0.2325	0.260925	0.303584
20230117	0.42619	0.3041	0.251517	0.190025	0.225	0.228	0.260925	0.314754
20230116	0.426375	0.304241	0.251598	0.190025	0.225	0.228	0.2375	0.265769
20230113	0.426342	0.304215	0.251583	0.190025	0.225	0.228	0.2375	0.265602
20230112	0.426341	0.304215	0.251583	0.190025	0.225	0.228	0.2375	0.265724
20230111	0.428138	0.305611	0.252421	0.190025	0.223975	0.22795	0.2375	0.263727
20230110	0.400767	0.285711	0.236929	0.1803	0.2161	0.2178	0.2377	0.279891
20230109	0.365266	0.259633	0.216812	0.1685	0.2125	0.22	0.243	0.285072
20230106	0.36512	0.259523	0.216748	0.1685	0.2125	0.22	0.243	0.285949
20230105	0.365055	0.259473	0.21672	0.1685	0.2125	0.22	0.243	0.286407
20230104	0.375263	0.267604	0.22104	0.167	0.2035	0.22	0.243	0.269756
20230103	0.333562	0.236654	0.198377	0.15605	0.20345	0.217	0.243	0.283789
20230102	0.333408	0.236537	0.19831	0.15605	0.20345	0.217	0.243	0.282842
20221230	0.32968	0.23371	0.196686	0.15605	0.20345	0.21055	0.24325	0.299488
20221229	0.329718	0.233739	0.196702	0.15605	0.20345	0.21055	0.24325	0.30009
20221228	0.360718	0.256725	0.213699	0.16455	0.20345	0.21055	0.243	0.294558
20221227	0.337781	0.240801	0.198677	0.15	0.186	0.2105	0.243	0.269508
20221226	0.352025	0.251448	0.205908	0.1525	0.18605	0.22	0.251525	0.262407
20221223	0.390422	0.278746	0.229596	0.17195	0.205	0.22	0.2525	0.289339
20221222	0.436793	0.312887	0.255558	0.1865	0.208975	0.22	0.2525	0.288412
20221221	0.44192	0.316873	0.257953	0.1865	0.206	0.22	0.2525	0.282543
20221220	0.41834	0.299391	0.245012	0.18	0.205975	0.22	0.244	0.268855
20221219	0.188141	0.130514	0.115707	0.105	0.173	0.193025	0.225	0.285567
20221216	0.187957	0.130375	0.115627	0.105	0.173	0.193025	0.2215	0.274054
20221215	0.181025	0.125703	0.110755	0.0995	0.1655	0.193	0.2215	0.260949
20221214	0.173756	0.121449	0.104539	0.0895	0.146	0.185	0.221	0.248282
20221213	0.184678	0.129198	0.111491	0.0955	0.151	0.181	0.2125	0.245536
20221209	0.177889	0.123921	0.108295	0.09545	0.155	0.18105	0.2125	0.252648
20221208	0.178271	0.124207	0.108482	0.0955	0.155	0.181	0.2055	0.238333
20221207	0.165987	0.114664	0.102731	0.09545	0.161975	0.18105	0.19445	0.231449
20221206	0.178495	0.124589	0.108671	0.095	0.149525	0.1675	0.1895	0.229647
20221205	0.175353	0.122509	0.106521	0.0925	0.145	0.164	0.1865	0.224777
20221202	0.193089	0.136289	0.114791	0.0925	0.135	0.164	0.171	0.169908
20221201	0.19478	0.137604	0.115582	0.0925	0.134	0.164	0.176	0.178585
20221130	0.194702	0.137545	0.115548	0.0925	0.134	0.164	0.176	0.178116
20221129	0.19469	0.137536	0.115543	0.0925	0.134	0.164	0.176	0.178185
20221128	0.197184	0.139878	0.116091	0.09	0.125	0.1565	0.168475	0.163894
20221125	0.197103	0.139817	0.116055	0.09	0.125	0.1565	0.168475	0.164286
20221124	0.197103	0.139817	0.116055	0.09	0.125	0.1565	0.17	0.167274
20221123	0.197188	0.139882	0.116093	0.09	0.125	0.1565	0.17	0.167667
20221122	0.202926	0.144357	0.118796	0.09	0.12125	0.154875	0.17	0.16351
20221118	0.220183	0.157815	0.126925	0.09	0.11	0.15	0.1685	0.149445
20221117	0.217702	0.15497	0.127331	0.096	0.128	0.163	0.1755	0.164731
20221116	0.214063	0.152272	0.125335	0.095	0.128	0.163	0.1755	0.165491
20221115	0.206663	0.146465	0.122045	0.0955	0.133	0.1625	0.181	0.189172
20221114	0.247398	0.175897	0.145836	0.112	0.1465	0.17	0.181	0.186237
20221111	0.249262	0.17728	0.146854	0.1125	0.1465	0.17	0.181	0.185842
20221110	0.249215	0.177245	0.146834	0.1125	0.1465	0.17	0.18555	0.195956
20221109	0.264987	0.189502	0.154194	0.1125	0.1375	0.17	0.187	0.18007
20221108	0.264987	0.189502	0.154193	0.1125	0.1375	0.17	0.187	0.180073
20221107	0.265113	0.1896	0.154251	0.1125	0.13745	0.17	0.18695	0.179906
20221104	0.237993	0.16847	0.14151	0.1125	0.1545	0.175	0.184	0.195472
20221103	0.237948	0.168435	0.14149	0.1125	0.1545	0.175	0.184	0.195647
20221101	0.237814	0.168334	0.141432	0.1125	0.1545	0.17475	0.1825	0.192816
20221031	0.237947	0.168435	0.14149	0.1125	0.1545	0.175	0.1895	0.207937
20221028	0.251777	0.179237	0.148031	0.1125	0.145	0.17	0.195	0.213073
20221027	0.250167	0.177665	0.148031	0.115	0.151	0.17	0.205	0.245041
20221026	0.29968	0.21427	0.175217	0.129	0.1535	0.175	0.2065	0.231141
20221025	0.290701	0.207246	0.170952	0.129	0.16	0.179475	0.2175	0.257429
20221024	0.291198	0.207715	0.170552	0.1275	0.16	0.19	0.2175	0.231433
20221021	0.286451	0.204352	0.167594	0.125	0.1575	0.19	0.2225	0.238531
20221020	0.288954	0.206299	0.168765	0.125	0.156	0.19	0.2225	0.235241
20221019	0.316243	0.227251	0.1821	0.127	0.1445	0.19	0.224	0.214024
20221018	0.327235	0.234382	0.190026	0.137	0.162375	0.2005	0.2325	0.235316
20221017	0.322934	0.231153	0.187746	0.1361	0.16305	0.200875	0.2274	0.225412
20221014	0.325091	0.232669	0.18895	0.137	0.165	0.205	0.2325	0.229159
20221013	0.325468	0.232604	0.189815	0.1395	0.171	0.208	0.232525	0.232076
20221012	0.318135	0.226334	0.187503	0.1435	0.185	0.2125	0.232	0.245096
20221011	0.329346	0.234461	0.194073	0.148	0.188	0.2125	0.234	0.252717
20221010	0.325871	0.23176	0.19245	0.148	0.19	0.2125	0.234	0.256514
20221007	0.325844	0.231739	0.192438	0.148	0.19	0.2125	0.23395	0.256582
20221006	0.337238	0.24047	0.198049	0.148975	0.185475	0.2125	0.236	0.250666
20221005	0.338213	0.241209	0.198474	0.148975	0.185475	0.214	0.232	0.237727
20221004	0.330101	0.234715	0.195157	0.1505	0.193	0.21295	0.226	0.241986
20221003	0.470162	0.335449	0.276335	0.2075	0.252975	0.280525	0.281975	0.274597
20220930	0.494358	0.352616	0.291328	0.22	0.265525	0.2815	0.299	0.324932
20220929	0.494324	0.35259	0.291314	0.22	0.265525	0.2815	0.299	0.324926
20220928	0.494204	0.352499	0.291261	0.22	0.265525	0.2815	0.299	0.325039
20220927	0.512745	0.364883	0.304055	0.2346	0.289125	0.2925	0.299	0.334851
20220926	0.512062	0.364353	0.303737	0.2346	0.2895	0.2925	0.299	0.335598
20220923	0.606665	0.434569	0.355439	0.26	0.2885	0.2925	0.299	0.318479
20220922	0.610367	0.437315	0.357463	0.261	0.2885	0.2925	0.299	0.317867
20220921	0.610414	0.437351	0.357483	0.261	0.2885	0.2925	0.299	0.317799
20220920	0.615614	0.441393	0.359911	0.261	0.2855	0.2925	0.299	0.312052
20220919	0.615687	0.441449	0.359943	0.261	0.2855	0.2925	0.299	0.311976
20220915	0.612113	0.438799	0.357975	0.26	0.2855	0.2925	0.299	0.312679
20220914	0.560394	0.401451	0.327981	0.2394	0.2671	0.277	0.2889	0.305982
20220913	0.557665	0.399382	0.326792	0.2394	0.2671	0.2723	0.2889	0.317475
20220912	0.54955	0.393157	0.322934	0.239	0.27	0.27	0.30655	0.365577
20220909	0.486346	0.34854	0.283961	0.206	0.231	0.25	0.264	0.269424
20220908	0.486351	0.348544	0.283963	0.206	0.231	0.25	0.264	0.269594
20220907	0.477006	0.341458	0.279892	0.206	0.231	0.233	0.264	0.3105
20220906	0.475176	0.3401	0.278889	0.2055	0.231	0.233	0.264	0.310774
20220905	0.47316	0.338602	0.277805	0.205	0.231	0.233	0.264	0.310786
20220902	0.474077	0.339314	0.278232	0.205	0.2305	0.233	0.264	0.309152
20220901	0.470416	0.336599	0.276226	0.204	0.2305	0.233	0.264	0.310308
20220831	0.471311	0.337294	0.276643	0.204	0.23	0.233	0.264	0.309833
20220830	0.460327	0.329149	0.270626	0.201	0.23	0.233	0.2635	0.310372
20220829	0.460442	0.329236	0.270676	0.201	0.23	0.233	0.2635	0.309915
20220826	0.460416	0.329218	0.270654	0.200975	0.23	0.233	0.26	0.303123
20220825	0.429093	0.306301	0.252782	0.190025	0.225	0.233	0.261	0.302639
20220824	0.428928	0.306176	0.25271	0.190025	0.225	0.233	0.261	0.302028
20220823	0.428651	0.305966	0.252589	0.190025	0.225	0.2325	0.260925	0.303584
20220822	0.42619	0.3041	0.251517	0.190025	0.225	0.228	0.260925	0.314754
20220819	0.426375	0.304241	0.251598	0.190025	0.225	0.228	0.2375	0.265769
20220818	0.426342	0.304215	0.251583	0.190025	0.225	0.228	0.2375	0.265602
20220817	0.426341	0.304215	0.251583	0.190025	0.225	0.228	0.2375	0.265724
20220816	0.428138	0.305611	0.252421	0.190025	0.223975	0.22795	0.2375	0.263727
20220815	0.400767	0.285711	0.236929	0.1803	0.2161	0.2178	0.2377	0.279891
20220812	0.365266	0.259633	0.216812	0.1685	0.2125	0.22	0.243	0.285072
20220811	0.36512	0.259523	0.216748	0.1685	0.2125	0.22	0.243	0.285949
20220810	0.365055	0.259473	0.21672	0.1685	0.2125	0.22	0.243	0.286407
20220809	0.375263	0.267604	0.22104	0.167	0.2035	0.22	0.243	0.269756
20220808	0.333562	0.236654	0.198377	0.15605	0.20345	0.217	0.243	0.283789
20220805	0.333408	0.236537	0.19831	0.15605	0.20345	0.217	0.243	0.282842
20220804	0.32968	0.23371	0.196686	0.15605	0.20345	0.21055	0.24325	0.299488
20220803	0.329718	0.233739	0.196702	0.15605	0.20345	0.21055	0.24325	0.30009
20220802	0.360718	0.256725	0.213699	0.16455	0.20345	0.21055	0.243	0.294558
20220801	0.337781	0.240801	0.198677	0.15	0.186	0.2105	0.243	0.269508
20220729	0.352025	0.251448	0.205908	0.1525	0.18605	0.22	0.251525	0.262407
20220728	0.390422	0.278746	0.229596	0.17195	0.205	0.22	0.2525	0.289339
20220727	0.436793	0.312887	0.255558	0.1865	0.208975	0.22	0.2525	0.288412
20220726	0.44192	0.316873	0.257953	0.1865	0.206	0.22	0.2525	0.282543
20220725	0.41834	0.299391	0.245012	0.18	0.205975	0.22	0.244	0.268855
20220722	0.188141	0.130514	0.115707	0.105	0.173	0.193025	0.225	0.285567
20220721	0.187957	0.130375	0.115627	0.105	0.173	0.193025	0.2215	0.274054
20220720	0.181025	0.125703	0.110755	0.0995	0.1655	0.193	0.2215	0.260949
20220719	0.173756	0.121449	0.104539	0.0895	0.146	0.185	0.221	0.248282
20220718	0.184678	0.129198	0.111491	0.0955	0.151	0.181	0.2125	0.245536
20220715	0.177889	0.123921	0.108295	0.09545	0.155	0.18105	0.2125	0.252648
20220714	0.178271	0.124207	0.108482	0.0955	0.155	0.181	0.2055	0.238333
20220713	0.165987	0.114664	0.102731	0.09545	0.161975	0.18105	0.19445	0.231449
20220712	0.178495	0.124589	0.108671	0.095	0.149525	0.1675	0.1895	0.229647
20220711	0.175353	0.122509	0.106521	0.0925	0.145	0.164	0.1865	0.224777
20220708	0.193089	0.136289	0.114791	0.0925	0.135	0.164	0.171	0.169908
20220707	0.19478	0.137604	0.115582	0.0925	0.134	0.164	0.176	0.178585
20220706	0.194702	0.137545	0.115548	0.0925	0.134	0.164	0.176	0.178116
20220705	0.19469	0.137536	0.115543	0.0925	0.134	0.164	0.176	0.178185
20220704	0.197184	0.139878	0.116091	0.09	0.125	0.1565	0.168475	0.163894
20220701	0.197103	0.139817	0.116055	0.09	0.125	0.1565	0.168475	0.164286
20220630	0.197103	0.139817	0.116055	0.09	0.125	0.1565	0.17	0.167274
20220629	0.197188	0.139882	0.116093	0.09	0.125	0.1565	0.17	0.167667
20220628	0.202926	0.144357	0.118796	0.09	0.12125	0.154875	0.17	0.16351
20220627	0.220183	0.157815	0.126925	0.09	0.11	0.15	0.1685	0.149445
20220624	0.217702	0.15497	0.127331	0.096	0.128	0.163	0.1755	0.164731
20220623	0.214063	0.152272	0.125335	0.095	0.128	0.163	0.1755	0.165491
20220622	0.206663	0.146465	0.122045	0.0955	0.133	0.1625	0.181	0.189172
20220621	0.247398	0.175897	0.145836	0.112	0.1465	0.17	0.181	0.186237
20220620	0.249262	0.17728	0.146854	0.1125	0.1465	0.17	0.181	0.185842
20220617	0.249215	0.177245	0.146834	0.1125	0.1465	0.17	0.18555	0.195956
20220616	0.264987	0.189502	0.154194	0.1125	0.1375	0.17	0.187	0.18007
20220615	0.264987	0.189502	0.154193	0.1125	0.1375	0.17	0.187	0.180073
20220614	0.265113	0.1896	0.154251	0.1125	0.13745	0.17	0.18695	0.179906
20220613	0.237993	0.16847	0.14151	0.1125	0.1545	0.175	0.184	0.195472
20220610	0.237948	0.168435	0.14149	0.1125	0.1545	0.175	0.184	0.195647
20220609	0.237814	0.168334	0.141432	0.1125	0.1545	0.17475	0.1825	0.192816
20220608	0.237947	0.168435	0.14149	0.1125	0.1545	0.175	0.1895	0.207937
20220607	0.251777	0.179237	0.148031	0.1125	0.145	0.17	0.195	0.213073
20220606	0.250167	0.177665	0.148031	0.115	0.151	0.17	0.205	0.245041
20220603	0.29968	0.21427	0.175217	0.129	0.1535	0.175	0.2065	0.231141
20220602	0.290701	0.207246	0.170952	0.129	0.16	0.179475	0.2175	0.257429
20220601	0.291198	0.207715	0.170552	0.1275	0.16	0.19	0.2175	0.231433
20220531	0.286451	0.204352	0.167594	0.125	0.1575	0.19	0.2225	0.238531
20220530	0.288954	0.206299	0.168765	0.125	0.156	0.19	0.2225	0.235241
20220527	0.316243	0.227251	0.1821	0.127	0.1445	0.19	0.224	0.214024
20220526	0.327235	0.234382	0.190026	0.137	0.162375	0.2005	0.2325	0.235316
20220525	0.322934	0.231153	0.187746	0.1361	0.16305	0.200875	0.2274	0.225412
20220524	0.325091	0.232669	0.18895	0.137	0.165	0.205	0.2325	0.229159
20220523	0.325468	0.232604	0.189815	0.1395	0.171	0.208	0.232525	0.232076
20220520	0.318135	0.226334	0.187503	0.1435	0.185	0.2125	0.232	0.245096
20220519	0.329346	0.234461	0.194073	0.148	0.188	0.2125	0.234	0.252717
20220518	0.325871	0.23176	0.19245	0.148	0.19	0.2125	0.234	0.256514
20220517	0.325844	0.231739	0.192438	0.148	0.19	0.2125	0.23395	0.256582
20220516	0.337238	0.24047	0.198049	0.148975	0.185475	0.2125	0.236	0.250666
20220513	0.338213	0.241209	0.198474	0.148975	0.185475	0.214	0.232	0.237727
20220512	0.330101	0.234715	0.195157	0.1505	0.193	0.21295	0.226	0.241986
20220511	0.612113	0.438799	0.357975	0.26	0.2855	0.2925	0.299	0.312679
20220510	0.560394	0.401451	0.327981	0.2394	0.2671	0.277	0.2889	0.305982
20220509	0.557665	0.399382	0.326792	0.2394	0.2671	0.2723	0.2889	0.317475
20220506	0.54955	0.393157	0.322934	0.239	0.27	0.27	0.30655	0.365577
20220505	0.486346	0.34854	0.283961	0.206	0.231	0.25	0.264	0.269424
20220504	0.486351	0.348544	0.283963	0.206	0.231	0.25	0.264	0.269594
20220503	0.477006	0.341458	0.279892	0.206	0.231	0.233	0.264	0.3105
20220502	0.475176	0.3401	0.278889	0.2055	0.231	0.233	0.264	0.310774
20220429	0.47316	0.338602	0.277805	0.205	0.231	0.233	0.264	0.310786
20220428	0.474077	0.339314	0.278232	0.205	0.2305	0.233	0.264	0.309152
20220427	0.470416	0.336599	0.276226	0.204	0.2305	0.233	0.264	0.310308
20220426	0.471311	0.337294	0.276643	0.204	0.23	0.233	0.264	0.309833
20220425	0.460327	0.329149	0.270626	0.201	0.23	0.233	0.2635	0.310372
20220422	0.460442	0.329236	0.270676	0.201	0.23	0.233	0.2635	0.309915
20220421	0.460416	0.329218	0.270654	0.200975	0.23	0.233	0.26	0.303123
20220420	0.429093	0.306301	0.252782	0.190025	0.225	0.233	0.261	0.302639
20220419	0.428928	0.306176	0.25271	0.190025	0.225	0.233	0.261	0.302028
20220418	0.428651	0.305966	0.252589	0.190025	0.225	0.2325	0.260925	0.303584
20220413	0.42619	0.3041	0.251517	0.190025	0.225	0.228	0.260925	0.314754
20220412	0.426375	0.304241	0.251598	0.190025	0.225	0.228	0.2375	0.265769
20220411	0.426342	0.304215	0.251583	0.190025	0.225	0.228	0.2375	0.265602
20220408	0.426341	0.304215	0.251583	0.190025	0.225	0.228	0.2375	0.265724
20220407	0.428138	0.305611	0.252421	0.190025	0.223975	0.22795	0.2375	0.263727
20220406	0.400767	0.285711	0.236929	0.1803	0.2161	0.2178	0.2377	0.279891
20220405	0.365266	0.259633	0.216812	0.1685	0.2125	0.22	0.243	0.285072
20220404	0.36512	0.259523	0.216748	0.1685	0.2125	0.22	0.243	0.285949
20220401	0.365055	0.259473	0.21672	0.1685	0.2125	0.22	0.243	0.286407
20220331	0.375263	0.267604	0.22104	0.167	0.2035	0.22	0.243	0.269756
20220330	0.333562	0.236654	0.198377	0.15605	0.20345	0.217	0.243	0.283789
20220329	0.333408	0.236537	0.19831	0.15605	0.20345	0.217	0.243	0.282842
20220328	0.32968	0.23371	0.196686	0.15605	0.20345	0.21055	0.24325	0.299488
20220325	0.329718	0.233739	0.196702	0.15605	0.20345	0.21055	0.24325	0.30009
20220324	0.360718	0.256725	0.213699	0.16455	0.20345	0.21055	0.243	0.294558
20220323	0.337781	0.240801	0.198677	0.15	0.186	0.2105	0.243	0.269508
20220322	0.352025	0.251448	0.205908	0.1525	0.18605	0.22	0.251525	0.262407
20220318	0.390422	0.278746	0.229596	0.17195	0.205	0.22	0.2525	0.289339
20220317	0.436793	0.312887	0.255558	0.1865	0.208975	0.22	0.2525	0.288412
20220316	0.44192	0.316873	0.257953	0.1865	0.206	0.22	0.2525	0.282543
20220315	0.41834	0.299391	0.245012	0.18	0.205975	0.22	0.244	0.268855
20220314	0.188141	0.130514	0.115707	0.105	0.173	0.193025	0.225	0.285567
20220311	0.187957	0.130375	0.115627	0.105	0.173	0.193025	0.2215	0.274054
20220310	0.181025	0.125703	0.110755	0.0995	0.1655	0.193	0.2215	0.260949
20220309	0.173756	0.121449	0.104539	0.0895	0.146	0.185	0.221	0.248282
20220308	0.184678	0.129198	0.111491	0.0955	0.151	0.181	0.2125	0.245536
20220307	0.177889	0.123921	0.108295	0.09545	0.155	0.18105	0.2125	0.252648
20220304	0.178271	0.124207	0.108482	0.0955	0.155	0.181	0.2055	0.238333
20220303	0.165987	0.114664	0.102731	0.09545	0.161975	0.18105	0.19445	0.231449
20220302	0.178495	0.124589	0.108671	0.095	0.149525	0.1675	0.1895	0.229647
20220301	0.175353	0.122509	0.106521	0.0925	0.145	0.164	0.1865	0.224777
20220228	0.193089	0.136289	0.114791	0.0925	0.135	0.164	0.171	0.169908
20220225	0.19478	0.137604	0.115582	0.0925	0.134	0.164	0.176	0.178585
